1.0 [3023, 206341, 835379]
9119255741.0 [3, 3, 7, 907, 9119255741.0]
10250888051.0 [50833, 10250888051.0]
1173611243911.0 [2, 2, 3, 37, 1173611243911.0]
1010331247.0 [5, 19, 61, 89, 1010331247.0]
2579620753943.0 [2, 101, 2579620753943.0]
305128079.0 [3, 569251, 305128079.0]
872322169.0 [2, 2, 2, 7, 10667, 872322169.0]
264643673081.0 [11, 179, 264643673081.0]
1574270067361.0 [331, 1574270067361.0]
340513729.0 [2, 765143, 340513729.0]
38076974227.0 [5, 7, 17, 23, 38076974227.0]
10855904006177.0 [2, 2, 2, 2, 3, 10855904006177.0]
63873914231.0 [2, 4079, 63873914231.0]
91489549.0 [3, 3, 632839, 91489549.0]
