1.0 [5, 7, 2521, 67139, 849131]
257289154051.0 [3, 7, 7, 7, 19, 257289154051.0]
111032689.0 [2, 22652159, 111032689.0]
744340567.0 [43, 157163, 744340567.0]
52398544279699.0 [2, 2, 2, 2, 2, 3, 52398544279699.0]
1006052050170221.0 [5, 1006052050170221.0]
65849827.0 [2, 1061, 35999, 65849827.0]
162619759.0 [103, 300317, 162619759.0]
5279949041.0 [2, 3, 5, 11, 2887, 5279949041.0]
75078511206733.0 [67, 75078511206733.0]
13378351730987.0 [2, 2, 2, 47, 13378351730987.0]
1676753416950371.0 [3, 1676753416950371.0]
308453535127.0 [2, 2, 3, 3, 3, 151, 308453535127.0]
46149176613313.0 [109, 46149176613313.0]
13219506701.0 [2, 61, 3119, 13219506701.0]
625771709.0 [3, 2679497, 625771709.0]
