3457381.0 [23, 101, 127, 3457381.0]
1020010000001 [1020010000001]
1.0 [463, 28559, 77153]
6558371.0 [43, 3617, 6558371.0]
92730909091.0 [11, 92730909091.0]
113338888889.0 [3, 3, 113338888889.0]
5032189.0 [13, 31, 503, 5032189.0]
340026666667.0 [3, 340026666667.0]
87508793.0 [11657, 87508793.0]
71350633.0 [17, 29, 29, 71350633.0]
3996341.0 [3, 85087, 3996341.0]
453185251.0 [2251, 453185251.0]
145732857143.0 [7, 145732857143.0]
1384192673.0 [11, 67, 1384192673.0]
117489347.0 [19, 457, 117489347.0]
856565911.0 [3, 397, 856565911.0]
1020190000001 [1020190000001]
