71023608479.0 [2, 3, 3, 5, 151, 71023608479.0]
169901573531.0 [13, 19, 23, 169901573531.0]
52998618451.0 [2, 2, 29, 157, 52998618451.0]
321736946409871.0 [3, 321736946409871.0]
45976297.0 [2, 10496831, 45976297.0]
17549287985993.0 [5, 11, 17549287985993.0]
1.0 [3, 5, 5, 5, 107, 251, 2777, 34511]
114118094021.0 [2, 4229, 114118094021.0]
503500698607.0 [3, 3, 3, 71, 503500698607.0]
427084442137.0 [2, 2, 5, 113, 427084442137.0]
15823128511961.0 [61, 15823128511961.0]
31240837.0 [2, 3, 5149301, 31240837.0]
48686203.0 [7, 2832163, 48686203.0]
2580777644999.0 [2, 11, 17, 2580777644999.0]
965210839229627 [965210839229627]
146605783.0 [2, 2, 3, 3, 199, 919, 146605783.0]
35763119761.0 [137, 197, 35763119761.0]
