1.0 [2, 2, 3, 23, 41, 38567, 38220439]
39993966121.0 [59, 7069, 39993966121.0]
5940286126799.0 [2, 2, 2, 3, 3, 3, 13, 5940286126799.0]
200967752337971.0 [83, 200967752337971.0]
19216962493147.0 [2, 2, 7, 31, 19216962493147.0]
4383553333.0 [2, 3, 19, 29, 1151, 4383553333.0]
621083131.0 [1153, 23293, 621083131.0]
1091751379.0 [2, 2, 5, 5, 5, 30557, 1091751379.0]
15262847531.0 [13, 84067, 15262847531.0]
8340161722025753.0 [2, 8340161722025753.0]
15231349897.0 [401, 2731, 15231349897.0]
296228372801.0 [11, 5119, 296228372801.0]
