103220711283169.0 [2, 2, 5, 103220711283169.0]
70596373.0 [3, 2621, 3719, 70596373.0]
72736742501.0 [2, 23, 617, 72736742501.0]
1.0 [2, 2, 3, 3, 467, 238531, 514793]
16445791.0 [2, 2, 2, 3, 7, 31, 24103, 16445791.0]
412882845132677.0 [5, 412882845132677.0]
226048261.0 [2, 523, 8731, 226048261.0]
2739414071.0 [3, 3, 3, 13, 19, 113, 2739414071.0]
196686781.0 [2, 2, 89, 29483, 196686781.0]
1199543419909.0 [1721, 1199543419909.0]
91876573.0 [2, 3, 5, 748981, 91876573.0]
121414704797.0 [7, 7, 347, 121414704797.0]
3794879091293.0 [2, 2, 2, 2, 2, 17, 3794879091293.0]
93837010257427.0 [2, 11, 93837010257427.0]
10070313295919.0 [5, 41, 10070313295919.0]
125050313.0 [16508669, 125050313.0]
1696071577.0 [2, 7, 227, 383, 1696071577.0]
688138075221133.0 [3, 688138075221133.0]
