5030260250851100 [2, 2, 5, 5, 271, 39181, 4737461]
5030260250851101 [3, 7, 7, 7, 19, 257289154051]
5030260250851102 [2, 22652159, 111032689]
5030260250851103 [43, 157163, 744340567]
5030260250851104 [2, 2, 2, 2, 2, 3, 52398544279699]
5030260250851105 [5, 1006052050170221]
5030260250851106 [2, 1061, 35999, 65849827]
5030260250851107 [3, 3, 17, 23, 406951, 3512603]
5030260250851108 [2, 2, 7, 13, 13, 563, 4973, 379681]
5030260250851109 [103, 300317, 162619759]
5030260250851110 [2, 3, 5, 11, 2887, 5279949041]
5030260250851111 [67, 75078511206733]
5030260250851112 [2, 2, 2, 47, 13378351730987]
5030260250851113 [3, 1676753416950371]
5030260250851114 [2, 751, 558683, 5994529]
5030260250851115 [5, 7, 2521, 67139, 849131]
5030260250851116 [2, 2, 3, 3, 3, 151, 308453535127]
5030260250851117 [109, 46149176613313]
5030260250851118 [2, 61, 3119, 13219506701]
5030260250851119 [3, 2679497, 625771709]
