521083392296480 [2, 2, 2, 2, 2, 5, 13, 124847, 2006623]
521083392296481 [3, 3, 7, 907, 9119255741]
521083392296482 [2, 1201, 33149, 6544309]
521083392296483 [50833, 10250888051]
521083392296484 [2, 2, 3, 37, 1173611243911]
521083392296485 [5, 19, 61, 89, 1010331247]
521083392296486 [2, 101, 2579620753943]
521083392296487 [3, 569251, 305128079]
521083392296488 [2, 2, 2, 7, 10667, 872322169]
521083392296489 [11, 179, 264643673081]
521083392296490 [2, 3, 3, 3, 5, 29, 12049, 5523247]
521083392296491 [331, 1574270067361]
521083392296492 [2, 2, 139, 151, 2663, 2330689]
521083392296493 [3, 13, 103, 457, 6151, 46147]
521083392296494 [2, 765143, 340513729]
521083392296495 [5, 7, 17, 23, 38076974227]
521083392296496 [2, 2, 2, 2, 3, 10855904006177]
521083392296497 [3023, 206341, 835379]
521083392296498 [2, 4079, 63873914231]
521083392296499 [3, 3, 632839, 91489549]
