1020000000001 [23, 101, 127, 3457381]
1020010000001 [1020010000001]
1020020000001 [3, 709, 1319, 363577]
1020030000001 [43, 3617, 6558371]
1020040000001 [11, 92730909091]
1020050000001 [3, 3, 113338888889]
1020060000001 [7, 337, 613, 705403]
1020070000001 [13, 31, 503, 5032189]
1020080000001 [3, 340026666667]
1020090000001 [11657, 87508793]
1020100000001 [17, 29, 29, 71350633]
1020110000001 [3, 85087, 3996341]
1020120000001 [2251, 453185251]
1020130000001 [7, 145732857143]
1020140000001 [3, 3, 3, 47, 7109, 113081]
1020150000001 [11, 67, 1384192673]
1020160000001 [19, 457, 117489347]
1020170000001 [3, 397, 856565911]
1020180000001 [463, 28559, 77153]
1020190000001 [1020190000001]
