28278740 [2, 2, 5, 7, 73, 2767]
28278741 [3, 29, 325043]
28278742 [2, 109, 129719]
28278743 [28278743]
28278744 [2, 2, 2, 3, 13, 233, 389]
28278745 [5, 11, 19, 27061]
28278746 [2, 61, 193, 1201]
28278747 [3, 3, 3, 7, 149623]
28278748 [2, 2, 7069687]
28278749 [3571, 7919]
28278750 [2, 3, 5, 5, 5, 5, 7541]
28278751 [28278751]
28278752 [2, 2, 2, 2, 2, 17, 227, 229]
28278753 [3, 23, 23, 103, 173]
28278754 [2, 7, 2019911]
28278755 [5, 2287, 2473]
28278756 [2, 2, 3, 3, 11, 71411]
28278757 [13, 67, 32467]
28278758 [2, 31, 456109]
28278759 [3, 59, 197, 811]
