965210839229610 [2, 3, 3, 5, 151, 71023608479]
965210839229611 [13, 19, 23, 169901573531]
965210839229612 [2, 2, 29, 157, 52998618451]
965210839229613 [3, 321736946409871]
965210839229614 [2, 10496831, 45976297]
965210839229615 [5, 11, 17549287985993]
965210839229616 [2, 2, 2, 2, 3, 7, 31, 216653, 427717]
965210839229617 [7523, 15497, 8279107]
965210839229618 [2, 4229, 114118094021]
965210839229619 [3, 3, 3, 71, 503500698607]
965210839229620 [2, 2, 5, 113, 427084442137]
965210839229621 [61, 15823128511961]
965210839229622 [2, 3, 5149301, 31240837]
965210839229623 [7, 2832163, 48686203]
965210839229624 [2, 2, 2, 13, 1361, 12329, 553099]
965210839229625 [3, 5, 5, 5, 107, 251, 2777, 34511]
965210839229626 [2, 11, 17, 2580777644999]
965210839229627 [965210839229627]
965210839229628 [2, 2, 3, 3, 199, 919, 146605783]
965210839229629 [137, 197, 35763119761]
