16680323444051590 [2, 5, 41, 53, 1439, 1447, 368651]
16680323444051591 [59, 7069, 39993966121]
16680323444051592 [2, 2, 2, 3, 3, 3, 13, 5940286126799]
16680323444051593 [83, 200967752337971]
16680323444051594 [2, 29851, 141497, 1974551]
16680323444051595 [3, 5, 37, 283, 203227, 522569]
16680323444051596 [2, 2, 7, 31, 19216962493147]
16680323444051597 [11, 11, 139, 863, 2741, 419261]
16680323444051598 [2, 3, 19, 29, 1151, 4383553333]
16680323444051599 [1153, 23293, 621083131]
16680323444051500 [2, 2, 5, 5, 5, 30557, 1091751379]
16680323444051501 [13, 84067, 15262847531]
16680323444051502 [2, 3, 3, 21014933, 44096483]
16680323444051503 [19, 31, 31, 154153, 5926189]
16680323444051504 [2, 2, 2, 2, 17, 25097, 27539, 88729]
16680323444051505 [3, 5, 7, 5461273, 29088497]
16680323444051506 [2, 8340161722025753]
16680323444051507 [401, 2731, 15231349897]
16680323444051508 [2, 2, 3, 23, 41, 38567, 38220439]
16680323444051509 [11, 5119, 296228372801]
