01_10_bin.graph 2 5
02_10_bin.graph 5 9
03_10_bin.graph 6 8
04_10_bin.graph 0 3 6
05_10_bin.graph 2 3 7
06_50_bin.graph 1 13 20 38
07_50_bin.graph 12 13 31 33 38 39
08_50_bin.graph 13 15 18 22 43
09_50_bin.graph 16 18 24 33
10_50_bin.graph 2 14 25 33 39
11_100_bin.graph 19 27 31 33 84 86
12_100_bin.graph 3 39 51 77 78 99
13_100_bin.graph 3 7 51 93
14_100_bin.graph 9 31 53 63 68 99
15_100_bin.graph 13 36 42 44 61 83 96
16_10_paw.graph 0 1 7
17_10_paw.graph 2 8 9
18_10_paw.graph 0 1
19_10_paw.graph 2 3
20_10_paw.graph 1 3 8
21_50_paw.graph 2 8 11 14 17 21 24 26 38 40 41 44 45 46 49
22_50_paw.graph 2 4 9 11 13 23 24 30 32 33 36 39 41 42 43 45 46 49
23_50_paw.graph 3 5 8 9 13 14 17 18 20 33 38 42 48
24_50_paw.graph 3 4 5 13 15 19 23 25 29 32 36 44 45 48
25_50_paw.graph 2 3 9 15 21 22 23 26 27 31 33 41 42 43 48
26_100_paw.graph 0 1 10 12 14 24 30 34 38 39 40 41 44 45 46 47 48 49 50 52 53 56 57 60 64 67 68 73 76 88 89 90 93 95
27_100_paw.graph 2 12 13 17 19 20 24 25 29 31 35 38 43 48 54 58 59 61 66 69 74 77 81 82 85 86 87 90 93 99
28_100_paw.graph 0 1 6 12 18 24 28 29 30 31 34 36 38 43 47 51 53 57 61 65 70 71 73 76 79 85 99
29_100_paw.graph 2 7 8 10 12 16 24 25 29 31 32 36 37 40 43 45 46 47 48 55 57 58 64 77 83 86 87 92 93 96
30_100_paw.graph 0 1 12 15 16 23 24 30 32 38 40 46 54 56 60 61 65 75 76 77 84 91 94 97 99
31_10_reg.graph 0 3 5 6
32_10_reg.graph 5 6 8 9
33_10_reg.graph 0 2 5 8
34_10_reg.graph 5 6 7 8
35_10_reg.graph 0 5 7 9
36_50_reg.graph 0 2 5 7 8 10 13 14 15 16 17 18 19 23 31 34 38 40 42 46 47
37_50_reg.graph 0 2 6 9 13 18 19 22 26 28 30 31 32 38 39 42 44 45 46 47
38_50_reg.graph 0 6 8 9 12 16 19 21 22 24 26 30 31 38 39 40 41 42 43 46 47 49
39_50_reg.graph 0 6 8 9 10 11 12 13 18 19 20 22 23 26 28 30 36 39 40 42 45 46 47
40_50_reg.graph 0 2 7 8 10 13 16 21 22 23 29 30 31 34 38 39 42 44 46 47
41_100_reg.graph 2 3 6 8 13 17 18 23 24 27 29 30 31 36 38 39 41 46 47 48 50 52 55 56 59 63 65 66 67 69 78 79 83 84 86 87 90 91 92 93 94 96 97 99
42_100_reg.graph 0 3 4 5 6 7 8 13 16 17 18 20 22 23 24 29 31 34 35 41 44 45 46 47 50 51 53 56 57 60 63 66 67 68 74 76 79 84 85 87 88 90 91 93 94 95 97
43_100_reg.graph 1 3 5 6 7 8 10 13 17 19 20 25 31 32 34 35 36 37 38 41 45 46 50 56 59 60 65 67 74 76 77 78 79 84 87 90 91 92 93 94 98
44_100_reg.graph 2 3 5 6 7 8 10 13 14 17 20 23 26 31 33 35 36 38 39 42 43 46 48 50 53 57 59 60 62 68 69 70 72 76 78 79 82 84 87 88 90 93 94 98
45_100_reg.graph 3 4 5 6 8 9 11 12 13 16 17 18 20 21 24 26 30 31 33 34 35 39 40 42 44 46 55 60 61 62 64 67 70 71 76 79 80 83 84 87 88 91 92 93 94 96
