01_10_bin.graph 0 2 3
02_10_bin.graph 2 3 6 7
03_10_bin.graph 2 4 8
04_10_bin.graph 2 3 5
05_10_bin.graph 2 3 6
06_50_bin.graph 8 10 25 27 28 36
07_50_bin.graph 4 27 36
08_50_bin.graph 10 21 26 29 36 45
09_50_bin.graph 10 11 21 36 45
10_50_bin.graph 5 6 20 24 36 45
11_100_bin.graph 1 30 45 54 60 71
12_100_bin.graph 10 30 45 47 60 91
13_100_bin.graph 1 32 37 45 83 91 92
14_100_bin.graph 4 45 60 76 81 91
15_100_bin.graph 29 30 37 41 75 79 87 91
16_10_paw.graph 2 3
17_10_paw.graph 2 8 9
18_10_paw.graph 2 6 7
19_10_paw.graph 2 3
20_10_paw.graph 2 6 7 9
21_50_paw.graph 9 10 11 13 14 15 18 20 25 27 28 29 32 36 37 38 39 42 43 45 46 47 48
22_50_paw.graph 4 9 11 12 13 18 20 23 24 26 27 28 29 33 35 36 37 38 39 40 41 42 43 44 45 46 47 48
23_50_paw.graph 7 8 9 11 13 15 17 18 20 25 29 30 33 34 35 36 38 42 43 45 47 48
24_50_paw.graph 1 7 9 15 18 20 24 26 27 28 29 32 33 35 36 38 39 45 46 47 48 49
25_50_paw.graph 6 7 9 11 13 18 20 21 27 31 33 35 36 37 38 39 40 41 42 45 46 47 48
26_100_paw.graph 6 9 13 17 18 20 26 31 35 36 37 40 43 45 46 47 49 52 54 55 58 59 60 62 63 66 70 71 72 73 74 75 76 77 78 81 83 84 85 86 87 88 89 90 91 92 93 94 96 97
27_100_paw.graph 3 9 15 17 20 22 25 27 30 32 37 40 44 45 46 47 49 52 54 55 56 58 60 61 63 64 65 66 67 70 71 72 73 75 76 78 79 80 81 83 84 85 87 88 89 90 91 96 99
28_100_paw.graph 11 13 14 15 17 26 27 30 32 33 37 39 43 44 45 46 47 49 50 51 52 55 58 59 60 62 64 65 66 68 70 71 72 73 74 76 78 79 80 81 82 83 84 85 86 87 90 91 94 95 97
29_100_paw.graph 1 6 11 12 13 15 22 25 28 30 31 32 33 35 37 38 39 42 43 44 45 47 49 50 51 52 54 60 63 66 67 68 72 73 75 76 77 80 83 84 85 86 91 98
30_100_paw.graph 9 13 14 15 17 23 26 30 35 36 37 42 43 45 46 47 49 51 52 54 55 56 57 58 60 61 62 63 65 66 67 69 70 71 72 73 74 77 78 79 81 82 83 84 85 87 88 89 90 91 92 94 95 97
31_10_reg.graph 2 4 6 8 9
32_10_reg.graph 0 2 3 4
33_10_reg.graph 0 2 6 8
34_10_reg.graph 0 2 6 7 8
35_10_reg.graph 2 3 4 8
36_50_reg.graph 1 2 5 6 9 11 13 18 20 26 27 29 33 35 36 41 42 43 45 46 48
37_50_reg.graph 7 9 13 14 16 18 20 21 24 26 27 33 34 35 36 37 40 43 45 46 48 49
38_50_reg.graph 1 2 3 9 13 14 17 18 19 20 26 27 28 29 30 32 33 36 37 38 43 45 46
39_50_reg.graph 1 2 3 5 9 10 12 13 14 20 24 25 26 27 29 35 36 38 43 45 46 47 48
40_50_reg.graph 0 1 2 5 9 11 13 17 18 20 25 26 27 29 32 36 37 38 42 45 47 48
41_100_reg.graph 1 5 6 8 9 13 15 17 18 21 22 31 32 33 34 35 37 42 43 45 46 47 48 50 57 58 59 60 61 62 64 67 72 75 76 81 82 83 84 85 87 89 91 96 97
42_100_reg.graph 1 3 6 9 10 12 13 16 17 18 21 22 30 32 33 35 37 38 42 45 46 49 50 51 52 54 55 57 58 60 64 71 72 75 76 80 81 83 86 87 91 94 95 96 99
43_100_reg.graph 0 1 3 9 13 15 17 22 23 24 26 29 31 33 35 37 45 50 54 57 58 59 60 61 63 67 69 70 71 72 73 76 77 81 83 84 86 87 91 94 99
44_100_reg.graph 1 4 5 9 10 12 13 15 16 17 18 21 22 23 28 30 32 35 37 40 45 47 49 50 56 57 59 60 61 64 65 67 71 72 74 75 76 81 83 91 93 94 95 97
45_100_reg.graph 0 1 3 9 11 13 14 15 17 18 21 22 30 32 37 40 43 45 48 52 53 54 55 57 60 61 62 66 67 69 71 72 73 76 83 84 86 87 89 91 93 94 95 99
